Total logical IOs: 80402053
Average logical IOs: 554496
query 0: [69, 119, 120, 37] cost: 424298
query 1: [69, 119, 120, 37] cost: 424298
query 2: [106, 151, 152, 144, 145, 146] cost: 229992
query 3: [106, 151, 152, 144, 145, 146] cost: 229992
query 4: [151, 152, 144, 145, 146] cost: 183455
query 5: [106, 151, 152, 144, 145, 146] cost: 229992
query 6: [151, 152, 144, 145, 146] cost: 183455
query 7: [135, 136, 99, 137, 138, 139, 140, 102, 141] cost: 438816
query 8: [135, 136, 99, 137, 138, 139, 140, 102, 141] cost: 438816
query 9: [135, 136, 99, 137, 138, 139, 140, 102, 141, 142] cost: 455948
query 10: [135, 136, 99, 137, 138, 139, 140, 102, 141] cost: 438816
query 11: [52, 97, 135, 136, 99, 137, 138, 139] cost: 737214
query 12: [97, 135, 136, 99, 137, 138] cost: 371234
query 13: [90, 48, 91, 127, 128, 129, 130] cost: 772327
query 14: [90, 48, 91, 127, 128, 129, 130] cost: 772327
query 15: [90, 48, 91, 127, 128, 129, 130] cost: 772327
query 16: [90, 48, 91, 127, 128, 129, 130, 94] cost: 819678
query 17: [90, 48, 91, 127, 128, 129, 130] cost: 772327
query 18: [37, 121, 122, 72] cost: 342320
query 19: [37, 121, 122, 72] cost: 342320
query 20: [37, 121, 122, 72, 73] cost: 411081
query 21: [37, 121, 122, 72] cost: 342320
query 22: [37, 121, 122, 72] cost: 342320
query 23: [115, 116, 67, 149, 150, 118, 35, 69, 119] cost: 701207
query 24: [139, 140, 102, 141, 142, 104, 105, 106, 151, 152] cost: 400548
query 25: [139, 140, 102, 141, 142, 104, 105, 106, 151, 152] cost: 400548
query 26: [138, 139, 140, 102, 141, 142, 104, 105, 106, 151] cost: 369541
query 27: [139, 140, 102, 141, 142, 104, 105, 106, 151, 152] cost: 400548
query 28: [22, 85, 86, 87, 88, 125, 126, 90] cost: 741932
query 29: [22, 85, 86, 87, 88, 125, 126, 90] cost: 741932
query 30: [85, 86, 87, 88, 125, 126, 90] cost: 490324
query 31: [22, 85, 86, 87, 88, 125, 126, 90] cost: 741932
query 32: [35, 69, 119, 120, 37, 121, 122, 72] cost: 868218
query 33: [35, 69, 119, 120, 37, 121, 122, 72] cost: 868218
query 34: [35, 69, 119, 120, 37, 121, 122, 72] cost: 868218
query 35: [35, 69, 119, 120, 37, 121, 122, 72] cost: 868218
query 36: [35, 69, 119, 120, 37, 121, 122, 72] cost: 868218
query 37: [22, 85, 86, 87, 88, 125, 126, 90, 48, 91] cost: 1167770
query 38: [22, 85, 86, 87, 88, 125, 126, 90, 48, 91] cost: 1167770
query 39: [22, 85, 86, 87, 88, 125, 126, 90, 48, 91] cost: 1167770
query 40: [22, 85, 86, 87, 88, 125, 126, 90, 48] cost: 1025107
query 41: [22, 85, 86, 87, 88, 125, 126, 90, 48, 91] cost: 1167770
query 42: [99, 137, 138, 139, 140, 102, 141, 142, 104, 105] cost: 451843
query 43: [99, 137, 138, 139, 140, 102, 141, 142, 104, 105] cost: 451843
query 44: [99, 137, 138, 139, 140, 102, 141, 142, 104, 105] cost: 451843
query 45: [99, 137, 138, 139, 140, 102, 141, 142, 104, 105] cost: 451843
query 46: [137, 138, 139, 140, 102, 141, 142, 104, 105] cost: 395385
query 47: [137, 138, 139, 140, 102, 141, 142, 104, 105] cost: 395385
query 48: [48, 91, 127, 128, 129, 130, 94, 131] cost: 795691
query 49: [48, 91, 127, 128, 129, 130, 94, 131] cost: 795691
query 50: [48, 91, 127, 128, 129, 130, 94] cost: 727657
query 51: [48, 91, 127, 128, 129, 130, 94, 131] cost: 795691
query 52: [48, 91, 127, 128, 129, 130, 94] cost: 727657
query 53: [37, 121, 122, 72, 73] cost: 411081
query 54: [37, 121, 122, 72, 73] cost: 411081
query 55: [37, 121, 122, 72, 73] cost: 411081
query 56: [87, 88, 125, 126, 90, 48, 91, 127, 128, 129, 130] cost: 991944
query 57: [112, 147, 148, 114, 65, 115, 116, 67, 149, 150, 118, 35] cost: 861906
query 58: [112, 147, 148, 114, 65, 115, 116, 67, 149, 150, 118, 35] cost: 861906
query 59: [112, 147, 148, 114, 65, 115, 116, 67, 149, 150, 118, 35] cost: 861906
query 60: [112, 147, 148, 114, 65, 115, 116, 67, 149, 150, 118, 35] cost: 861906
query 61: [61, 109, 110, 111, 112, 147, 148, 114, 65, 115, 116, 67, 149, 150, 118, 35] cost: 1175028
query 62: [61, 109, 110, 111, 112, 147, 148, 114, 65, 115, 116, 67, 149, 150, 118, 35] cost: 1175028
query 63: [61, 109, 110, 111, 112, 147, 148, 114, 65, 115, 116, 67, 149, 150, 118, 35] cost: 1175028
query 64: [109, 110, 111, 112, 147, 148, 114, 65, 115, 116, 67, 149, 150, 118, 35] cost: 1086226
query 65: [85, 86, 87, 88] cost: 349660
query 66: [85, 86, 87, 88, 125, 126] cost: 398303
query 67: [85, 86, 87, 88, 125] cost: 369440
query 68: [22, 85, 86, 87, 88, 125] cost: 621048
query 69: [136, 99, 137, 138, 139, 140] cost: 321426
query 70: [136, 99, 137, 138, 139, 140, 102] cost: 372210
query 71: [136, 99, 137, 138, 139, 140, 102] cost: 372210
query 72: [136, 99, 137, 138, 139, 140, 102] cost: 372210
query 73: [136, 99, 137, 138, 139, 140] cost: 321426
query 74: [123, 124, 75, 76, 77, 78, 79] cost: 540575
query 75: [123, 124, 75, 76, 77, 78, 79, 80] cost: 625518
query 76: [123, 124, 75, 76, 77, 78, 79, 80] cost: 625518
query 77: [73, 123, 124, 75, 76, 77, 78, 79] cost: 609336
query 78: [123, 124, 75, 76, 77, 78, 79, 80] cost: 625518
query 79: [61, 109, 110, 111, 112, 147, 148, 114, 65, 115, 116, 67, 149, 150, 118, 35] cost: 1175028
query 80: [61, 109, 110, 111, 112, 147, 148, 114, 65, 115, 116, 67, 149, 150, 118, 35] cost: 1175028
query 81: [146, 59] cost: 39785
query 82: [146, 59] cost: 39785
query 83: [146, 59] cost: 39785
query 84: [111, 112, 147, 148, 114] cost: 388302
query 85: [111, 112, 147, 148, 114] cost: 388302
query 86: [82, 83, 84, 22] cost: 671478
query 87: [82, 83, 84, 22] cost: 671478
query 88: [82, 83, 84, 22] cost: 671478
query 89: [82, 83, 84, 22] cost: 671478
query 90: [59, 60] cost: 43580
query 91: [59, 60] cost: 43580
query 92: [59, 60] cost: 43580
query 93: [59, 60] cost: 43580
query 94: [59, 60] cost: 43580
query 95: [141, 142, 104] cost: 146513
query 96: [60] cost: 19542
query 97: [60] cost: 19542
query 98: [88, 125, 126, 90, 48, 91, 127, 128] cost: 813174
query 99: [76, 77, 78, 79, 80, 81, 82] cost: 680453
query 100: [76, 77, 78, 79, 80, 81, 82] cost: 680453
query 101: [76, 77, 78, 79, 80, 81] cost: 432895
query 102: [76, 77, 78, 79, 80, 81, 82] cost: 680453
query 103: [104, 105, 106, 151, 152, 144, 145] cost: 367487
query 104: [104, 105, 106, 151, 152, 144, 145] cost: 367487
query 105: [104, 105, 106, 151, 152, 144, 145] cost: 367487
query 106: [104, 105, 106, 151, 152, 144, 145] cost: 367487
query 107: [124, 75, 76, 77, 78, 79] cost: 489569
query 108: [124, 75, 76, 77, 78, 79, 80] cost: 574512
query 109: [52, 97, 135, 136, 99, 137, 138, 139, 140, 102] cost: 808949
query 110: [52, 97, 135, 136, 99, 137, 138, 139, 140, 102] cost: 808949
query 111: [52, 97, 135, 136, 99, 137, 138, 139, 140, 102] cost: 808949
query 112: [114, 65, 115] cost: 180400
query 113: [114, 65, 115] cost: 180400
query 114: [114, 65, 115] cost: 180400
query 115: [67, 149, 150, 118, 35, 69, 119, 120] cost: 674804
query 116: [131, 132, 133, 134] cost: 374999
query 117: [131, 132, 133, 134] cost: 374999
query 118: [131, 132, 133, 134] cost: 374999
query 119: [131, 132, 133, 134] cost: 374999
query 120: [128, 129, 130, 94, 131] cost: 221891
query 121: [128, 129, 130, 94, 131] cost: 221891
query 122: [128, 129, 130, 94, 131] cost: 221891
query 123: [128, 129, 130, 94, 131] cost: 221891
query 124: [105, 106, 151, 152, 144, 145] cost: 253959
query 125: [105, 106, 151, 152, 144] cost: 161078
query 126: [105, 106, 151, 152, 144] cost: 161078
query 127: [128, 129, 130, 94, 131, 132, 133, 134, 52] cost: 860545
query 128: [128, 129, 130, 94, 131, 132, 133, 134, 52] cost: 860545
query 129: [128, 129, 130, 94, 131, 132, 133, 134, 52] cost: 860545
query 130: [128, 129, 130, 94, 131, 132, 133, 134, 52] cost: 860545
query 131: [79, 80, 81, 82, 83, 84] cost: 581174
query 132: [77, 78, 79, 80, 81, 82, 83, 84] cost: 754559
query 133: [79, 80, 81, 82, 83, 84] cost: 581174
query 134: [77, 78, 79, 80, 81, 82, 83, 84] cost: 754559
query 135: [79, 80, 81, 82, 83, 84] cost: 581174
query 136: [61, 109, 110, 111, 112, 147, 148] cost: 509542
query 137: [61, 109, 110, 111, 112, 147, 148, 114] cost: 597246
query 138: [61, 109, 110, 111, 112, 147, 148, 114] cost: 597246
query 139: [61, 109, 110, 111, 112, 147, 148, 114] cost: 597246
query 140: [61, 109, 110, 111, 112, 147, 148, 114, 65, 115, 116, 67, 149] cost: 844980
query 141: [61, 109, 110, 111, 112, 147, 148, 114, 65, 115, 116, 67, 149] cost: 844980
query 142: [109, 110, 111, 112, 147, 148, 114, 65, 115, 116, 67] cost: 674824
query 143: [61, 109, 110, 111, 112, 147, 148, 114, 65, 115, 116, 67] cost: 763626
query 144: [61, 109, 110, 111, 112, 147, 148, 114, 65, 115, 116, 67] cost: 763626
